0.9930733634039266 1.0840663053212691 1.0280060336766785 1.1189598557228595 -0.2695498876364196 -0.20222535339431685
1.020421436306035 0.9731493945956329 0.9914695701954906 1.0150337284351543 0.1673587329676839 0.16451889577216489
1.0041208448891972 0.9685721738490618 1.0021416511367147 1.1393057394734147 0.032468252026043254 0.1797560245393992
0.9721844817040664 1.0209325449847633 1.0369780045874641 1.2087873411573322 -0.08917617075417467 -0.018835819283604782
0.9892564847565205 0.9402145320219708 1.0201347358541055 0.9525816606628763 0.10952228641031903 -0.13445374171521954
0.9760736263875922 1.1252647870783112 1.0217903873082543 1.0619286540425694 0.07835104957232536 -0.2860589647908085
1.0298402680021315 1.1990770498531043 1.0296727824322938 1.0322327685476802 0.07421783936283782 -0.20910589460380388
1.014248447950659 1.0599156454132321 1.0328012533884974 1.1286894481122098 0.19300806879005883 -0.17487912461452712
0.9608642544755971 1.2439747807351227 0.9798686324359834 0.9957320058204707 0.01924384495263598 0.08315901234646966
1.030881756825947 1.090320548119649 1.0093575024557704 0.8098128385922878 0.14397888258985264 0.057744461189545127
1.0342979487442903 1.2061239817906493 0.9935525328884021 1.224164711394268 -0.22976818470129992 0.10591896621545294
1.0021210255604867 0.8783051707143718 0.988399423842814 0.9730815960507441 -0.27810217411628 -0.11202033493930963
0.9843077783352958 0.9005886976648565 1.0042249534067165 1.019424619889628 0.20610125329380996 -0.26056899699399183
1.0155209964886491 0.9475796557580233 1.0058647838188797 1.003702539019577 -0.20053781526106346 -0.035575749814676705
0.9952429413772217 1.0691833009962939 0.9643339828055896 0.781256455245525 -0.03979425056865182 0.07017474479239066
0.9737224748494382 0.8024064559737829 1.01012283731493 1.240281433853267 -0.1061296303535113 -0.1470223870787867
0.9659558633598585 1.0151703995671624 0.9702178567992062 1.1520875191797335 0.11802577433462214 0.2392387844791905
1.0331244700200708 0.7911048922459054 1.0009174128789384 1.2149751782618299 0.087365836002405 -0.28055546189435543
0.9968163073803247 0.8239539139003571 1.008132150123437 1.0822702840233416 -0.18713802871399035 0.22099550957405206
1.022209094370799 1.1414010544877797 1.0317820380094809 0.7740129078257241 0.2326772297011092 -0.16743423652011402
0.966480877669328 1.0760604794766215 0.9659751723350565 0.9244133375870932 -0.29715230766427186 0.09997162599608778
1.0319821713243513 0.834067641808173 0.9967498350190074 0.8598723965218051 0.12239007928582829 0.13384307171423243
0.9908491664960043 1.0397927435206702 0.9692245538904869 1.1959178566535997 -0.06384513688943466 0.2822366792310163
1.0070711371912304 1.1533415857022917 1.0257430211321357 1.24483854468602 -0.14442618655712003 -0.2338571374119146
1.0027156580470868 1.007349387171522 1.0199568339607428 1.0885949382521907 -0.17151140422702524 0.2785087136027025
1.0000233647170287 1.1365557841078906 1.017157161658871 0.8392207507437777 0.2583613854181674 -0.12854776433266937
0.9712146875713827 0.9833676499903282 0.9995454537654271 0.8489910794014806 -0.0336614786688576 0.019644797747194076
1.024730787075375 0.7806612811893067 1.037817530169359 0.8334712306472953 0.0017191971406974593 -0.09460424056266742
0.9944266036068972 1.1055874458958794 0.9615221573458028 0.9639696360695842 -0.21801088209577982 0.012810598595947742
1.0371722003808908 1.1800858223854445 0.9782394198611304 1.0745675640686858 -3.693388050978741E-4 0.1303324749826777
0.9695511843994403 0.9875172101168794 0.9600572600025501 0.9834558844965309 0.04947666755117641 -0.0605316428051976
1.025870945563488 0.9101684460195546 0.9977897003547275 0.8712497907067142 -0.11295717717152415 0.24672933169637895
1.0381928689996305 1.1188077276222173 0.9840732470486842 1.1868458170865335 0.1401192061222496 0.15324191951573485
1.039996755976072 1.2233730222803525 1.0241584010428484 0.9153101528706723 0.28715437941540484 -0.04198828234621871
0.9799741026353256 0.9146120436837278 0.9817980355355106 1.193219895421631 0.04394291095987868 0.11734029333893303
0.9867196904527618 0.9319000867340398 1.0159934114848366 0.8555233787774837 -0.019963089478251206 0.05523490340682208
1.0229649899003717 1.0477551815823032 0.9747298755860521 0.9439616136497797 -0.122216308550395 -0.24535935264446507
0.9810319036356316 1.098400311239154 1.0119917470662239 0.8993568430856117 0.2143344405467676 0.2139891301479488
0.9997951584781942 0.8473286662352629 0.9893917912632992 0.7554824690536147 0.22280479782994084 -0.18101818726021457
1.005343287627506 1.2128843558280966 0.9763438607225408 1.2335700522220567 -0.24629268535196946 0.04222846932432167
0.9855583743365329 0.8387243076761046 1.0149975357571648 0.8266574922785891 0.15882449395347703 -0.29211618747588436
0.9769029377359332 1.2377650263104312 1.0311609328308724 0.8912834044387687 -0.16025916140573737 -0.22289516501104473
0.9747937019146888 1.0363546962817185 0.9682640913806256 1.1140887254091125 0.010554309718432187 -0.0701689901222553
1.0266040495029392 1.1779236751123734 0.9637155788615993 0.8143609537497045 -0.053025126774411235 0.2919092543320248
0.9975088089554057 0.8663424504547244 1.0230649225866226 1.0684219672876294 0.1792111738542524 -0.1539441869585565
0.9923572587866776 0.753605892954406 0.9860072772183546 1.1588704757559345 -0.07207916667619263 -0.09332587954409433
1.018216197081724 0.8552552533031955 1.0345004819641037 1.1083501755418028 0.17400351389703417 -0.2645038253678127
0.988527586494219 0.7701443814740963 1.0064146445309798 1.0517198043034297 0.2949537702293035 0.1775815367207666
0.9635571693511714 0.8933741201679024 0.9758359892949517 1.1440608049773782 0.23801013746173644 -0.2404970140655942
0.9779776747923347 0.7608362437526672 0.966536303016804 0.9575950938059948 0.10289262188874204 0.19098065917854096
0.9623247148067089 1.1922273090429492 0.9872627249003282 0.79476030814799 0.2639354767131859 -0.11919163412109848
0.9639109489269018 1.15885645193833 1.0353331170963034 0.8042407674181236 -0.25346043110982286 0.20396524410836975
1.012823523133441 0.9288617955927814 1.0391318655402246 1.16526355988937 0.2521686964171335 0.2602592836923328
1.0282628582873536 0.9960246864987703 0.9938517225576994 0.9125754172090517 0.05685546446629841 0.03325804612735411
0.9835441309840317 0.8840811668066434 0.9952067010873508 0.769658780826553 -0.09496628119349551 0.0872684666605002
1.0170923723478833 0.9538936663152386 1.0176680815873966 0.7602886320484594 -0.13227309622132175 -0.054024886634947256
1.0110369830709274 1.167222283684639 1.0036997708999156 0.88337464032085 -0.19347359104844564 0.00239328265411759
1.0094311334811805 0.8079255394350829 0.9726204972866221 1.1754944588303227 -0.2074375598986891 0.26440428311912106
0.9679711886684165 0.8168607384117252 0.9723419271243663 0.9297387452592907 -0.15714480886266996 0.14241011100775136
1.0194768856444199 1.0253116958662574 1.0274680487755568 1.0981295193497471 0.2769925986132235 -0.19183551056765802
0.9824862109636603 1.2278398160510287 0.9902423141196846 0.9876708476803386 -0.2857749097371303 0.2291932176159716
1.0085391716729395 1.1149489539444493 0.9834056242718989 1.0287601690998853 -0.08111801192863163 -0.08303626645844273
1.0352931910061165 0.8685761744817104 1.013098102778816 1.0459595537495159 -0.2436425090730588 -0.009606317213657234
1.0119763363979424 0.7817371648800012 0.9808600301058844 0.8761455657995052 -0.010678957395609645 -0.002213551810902381
